# @package _global_
optimizer:
  lr: 0.00043313827783878026
strategy:
  alpha: 0.0004380057173144849
  alpha_ema: 0.18360074142595562
  beta: 1.8755302484501881
  regul: 1.1272838925045971e-08
